81
45
45
12
13
13
2
23
29
94
25
76
38
23
55
80
39
29
69
69
66
23
43
21
54
83
79
27
96
69
70
37
92
79
79
6
73
76
47
63
92
90
3
31
81
70
15
45
23
72
21
17
70
84
87
24
20
66
49
35
68
69
66
79
35
46
43
82
23
78
91
43
13
91
17
51
88
75
42
53
59
41
95
27
88
2
72
94
55
96
25
48
78
87
39
70
17
77
50
87
25
19
47
43
54
52
37
58
10
43
18
97
42
90
47
11
88
80
20
56
78
39
86
70
27
14
57
45
11
34
40
56
91
29
7
92
88
82
7
13
24
8
53
54
11
58
25
73
100
30
14
56
55
93
40
35
97
72
99
77
54
25
11
61
63
95
89
31
17
15
69
7
74
67
48
96
13
22
48
50
93
7
8
14
26
92
95
61
73
1
66
69
22
73
29
25
12
63
86
40
63
37
6
42
75
9
15
4
83
49
88
97
70
46
81
82
62
31
96
75
71
13
96
39
81
99
77
7
96
4
88
47
82
86
52
2
37
36
13
76
61
5
60
89
71
53
66
80
66
86
75
72
97
94
18
40
61
71
90
73
39
59
69
33
59
21
7
80
32
53
22
21
44
3
31
1
98
74
23
43
76
81
1
9
71
42
49
44
100
29
55
15
82
57
51
44
12
0
19
78
12
87
60
49
59
78
48
58
60
75
2
8
47
86
77
8
40
33
27
11
17
22
17
13
88
15
88
43
83
30
9
92
100
40
83
51
61
91
55
66
93
8
38
19
12
84
67
14
77
25
49
99
60
33
80
56
70
25
41
6
86
33
41
4
24
23
38
43
40
43
87
13
93
16
60
67
5
25
59
15
26
62
70
57
89
70
33
78
7
55
75
83
64
23
15
4
86
81
38
4
64
90
74
78
99
73
82
32
96
15
74
91
73
84
69
92
66
100
95
53
9
25
22
12
68
54
33
40
84
27
19
35
28
93
69
27
44
48
70
21
51
59
2
20
25
0
21
80
75
61
95
2
83
85
62
73
1
79
62
36
90
100
32
69
18
37
90
57
3
94
74
58
28
87
87
16
24
82
79
84
79
4
31
57
86
20
17
21
0
14
97
55
18
67
87
62
19
10
17
81
35
42
68
86
5
57
34
0
34
55
97
25
70
61
65
97
57
89
25
76
3
27
56
73
93
100
66
65
16
58
76
7
39
100
37
33
93
51
93
58
0
65
29
86
28
58
59
29
45
21
78
12
97
56
85
38
20
0
54
55
61
79
86
67
85
8
66
78
39
17
60
89
9
8
69
88
24
84
22
62
40
55
34
91
85
19
45
66
16
48
56
27
24
50
79
6
74
33
30
69
97
38
36
55
32
67
11
100
10
69
61
49
3
41
61
95
80
43
38
83
76
25
25
33
71
1
10
26
74
74
7
46
34
97
100
97
4
34
28
86
59
40
52
11
93
18
49
79
9
69
33
8
15
36
92
18
8
10
36
35
43
84
56
59
46
34
87
52
21
21
37
5
69
9
37
99
86
52
87
55
43
34
6
77
95
46
65
23
100
37
79
32
8
89
49
34
60
0
5
24
93
33
96
79
50
32
8
73
50
6
50
100
28
22
58
10
97
57
3
51
63
32
84
0
70
32
1
91
23
56
67
73
39
69
43
62
98
23
53
62
86
1
44
64
49
15
52
69
32
32
55
43
3
16
32
38
43
84
80
97
4
38
23
40
56
5
23
45
69
2
93
17
76
8
44
8
34
17
31
96
25
65
68
16
97
62
93
62
7
26
22
72
83
90
90
8
42
33
18
78
3
43
4
33
40
74
76
33
16
40
59
42
56
18
50
15
79
41
43
14
15
45
80
96
73
69
80
87
75
80
93
83
69
15
96
51
27
34
15
69
56
93
65
68
91
24
35
92
5
35
66
85
32
11
3
92
82
5
25
3
36
78
46
37
45
12
56
80
36
32
21
20
5
27
27
56
1
86
16
16
94
52
92
42
64
56
39
55
16
86
43
39
34
38
23
90
73
38
95
53
79
94
24
47
15
87
100
46
100
59
47
90
59
31
9
89
20
80
28
48
91
4
62
79
20
0
6
52
57
20
26
37
76
83
46
80
74
57
17
83
54
93
76
7
12
36
9
98
35
15
92
64
8
87
54
29
63
81
26
44
5
73
44
13
40
23
77
53
39
51
98
32
44
28
8
13
22
10
58
96
85
0
33
94
89
56
1
67
30
26
37
58
29
41
51
9
4
75
40
95
21
93
87
82
45
47
1
70
26
99
43
25
80
19
2
85
7
72
33
23
31
11
62
41
82
27
89
70
98
46
56
40
11
7
19
91
49
60
8
13
88
74
87
77
98
40
98
75
6
70
71
92
81
92
53
61
91
36
50
41
20
95
50
69
17
95
43
3
74
13
53
40
89
97
4
19
80
84
33
43
63
89
28
12
18
18
60
99
34
96
18
69
2
37
59
68
50
36
53
99
9
5
64
25
8
26
77
45
25
60
55
40
35
48
97
41
70
85
3
56
73
51
24
30
90
80
11
68
65
59
63
41
92
37
86
23
56
5
35
71
53
38
44
89
40
36
79
93
34
16
32
90
52
79
8
34
100
5
11
76
95
28
54
90
99
15
8
62
87
54
36
44
80
37
93
32
33
63
8
51
26
72
10
41
16
95
16
12
31
29
88
57
6
92
26
49
21
57
61
42
7
34
59
45
50
32
2
86
23
15
66
21
10
92
6
27
78
95
53
85
60
66
55
30
53
42
20
82
69
62
33
73
54
27
40
91
47
63
47
59
71
86
68
26
88
78
89
32
35
42
43
64
39
7
81
54
92
28
60
10
37
6
50
74
67
87
3
37
63
39
90
13
28
23
43
99
27
39
100
52
41
54
52
16
27
80
76
80
23
64
92
21
41
70
5
21
25
52
9
49
53
86
94
36
54
74
48
43
36
93
21
5
63
15
38
10
30
84
77
72
33
50
70
58
51
34
3
91
50
31
11
89
48
53
67
100
93
80
63
55
32
37
47
22
88
56
91
10
76
87
29
12
87
53
30
44
14
35
92
72
87
49
93
30
68
99
4
36
18
65
84
78
89
89
71
74
63
71
30
75
39
47
69
73
19
95
22
35
22
40
4
13
33
40
76
26
55
5
17
21
40
56
66
70
63
38
49
66
1
1
50
90
89
21
49
54
5
98
31
91
97
79
2
70
24
34
78
42
90
100
44
40
92
100
46
7
100
94
67
1
46
92
4
28
27
75
52
18
97
60
67
13
87
89
17
85
97
5
68
10
12
66
34
31
45
1
5
20
38
81
49
100
80
1
30
100
57
49
97
96
48
53
88
93
12
1
73
66
73
53
59
89
9
67
89
92
12
81
33
1
59
82
28
16
5
47
68
96
9
45
30
48
13
97
92
81
0
49
13
8
21
99
42
71
66
69
95
45
98
66
44
78
48
86
56
78
81
13
92
22
45
79
84
70
6
18
28
70
4
6
31
84
17
88
30
23
99
27
26
83
87
76
75
39
48
69
80
78
81
4
27
80
14
78
94
63
20
48
96
54
14
48
16
45
63
35
28
81
93
32
88
71
54
94
6
98
100
61
23
62
21
84
14
47
71
35
87
80
86
9
18
79
27
92
60
44
35
78
15
26
31
9
98
28
44
82
31
30
40
91
82
84
98
26
66
55
72
43
22
82
78
52
48
51
78
47
40
6
74
44
0
96
52
21
98
35
22
86
5
27
48
11
50
100
30
75
25
10
83
61
97
24
52
19
50
11
42
43
52
38
34
36
23
97
94
50
65
38
54
9
30
4
46
96
47
91
19
66
12
0
94
58
71
27
72
62
29
0
62
93
30
95
28
20
77
3
80
55
27
77
39
27
8
85
32
59
86
27
17
77
31
46
45
99
30
28
98
24
33
94
5
83
95
5
83
2
34
28
59
21
66
79
38
57
25
55
100
0
76
67
56
5
23
97
91
81
47
61
63
72
26
1
36
29
35
78
66
21
68
0
51
43
85
90
91
23
44
62
9
94
31
3
74
20
29
78
31
11
91
44
38
1
99
91
36
51
14
73
62
56
81
50
70
94
2
18
40
37
89
30
56
15
48
49
28
54
0
60
33
62
7
88
31
22
62
84
94
13
17
81
12
0
61
59
10
15
60
90
15
55
16
37
27
7
35
85
50
30
85
39
69
6
53
93
32
24
21
78
16
76
21
15
71
71
17
80
21
46
69
11
100
43
91
34
83
100
54
40
53
66
73
69
16
54
94
68
80
86
46
70
73
77
81
7
65
40
61
13
6
37
33
52
65
1
48
27
58
7
4
5
88
15
92
65
60
57
24
3
99
63
41
86
3
84
22
70
84
38
97
99
41
28
53
0
0
74
87
62
31
92
90
4
0
81
65
50
65
41
56
19
82
43
13
55
39
27
86
35
87
66
40
85
77
15
92
63
60
12
56
88
20
5
63
20
90
3
41
8
60
96
77
31
77
83
6
58
37
47
94
93
42
60
64
16
88
54
27
22
72
40
85
58
33
68
17
35
58
73
57
3
99
68
7
76
42
34
41
53
84
43
75
52
30
92
98
13
79
41
12
47
96
31
19
25
93
81
96
86
12
86
54
3
55
39
10
12
46
100
30
32
89
96
69
29
46
2
48
84
5
51
54
52
9
15
17
25
40
32
16
3
79
27
64
84
0
66
81
78
92
47
54
53
16
64
29
93
25
46
58
9
92
37
19
15
72
16
91
81
26
89
34
63
39
10
9
23
78
8
23
39
67
67
24
60
3
76
85
17
7
51
93
99
98
45
65
100
49
69
34
43
3
75
54
63
53
3
92
41
90
91
57
64
85
87
10
49
48
53
6
13
0
72
22
54
78
93
60
57
100
37
50
19
39
29
49
75
9
4
88
91
80
33
47
47
13
45
84
79
96
40
73
32
3
70
15
2
95
98
8
89
4
5
31
48
91
12
34
60
9
80
6
67
50
24
11
14
57
33
80
1
0
18
52
44
66
55
74
80
26
37
94
26
30
78
6
95
16
84
98
59
58
6
60
79
95
4
56
47
12
26
96
97
24
20
31
34
16
88
77
37
8
90
7
28
84
5
45
87
80
60
51
11
40
57
99
96
97
92
84
36
31
26
67
56
19
66
57
47
5
98
80
12
15
42
88
21
29
1
36
11
48
45
29
40
80
7
15
79
12
42
60
28
93
49
74
24
48
52
1
98
34
37
20
83
33
26
36
94
96
95
66
90
91
59
8
24
85
91
31
48
93
55
57
80
44
95
95
18
39
80
100
59
28
33
70
40
24
4
87
52
87
43
85
69
30
55
10
94
26
78
6
45
95
45
99
28
24
35
15
4
100
83
31
7
68
76
88
27
24
60
51
10
84
8
45
25
42
70
13
19
48
59
10
91
89
89
20
53
81
70
12
18
22
81
8
90
21
19
56
99
27
2
52
82
27
99
45
44
27
87
99
42
37
58
59
59
7
71
16
48
55
88
98
5
49
57
65
84
5
34
56
35
53
86
90
28
91
34
29
48
18
42
10
7
100
10
22
82
63
53
22
75
73
94
2
43
7
6
4
51
60
75
88
64
22
93
84
85
45
26
75
64
0
60
19
43
79
39
83
32
58
93
34
38
35
35
8
85
34
58
46
4
0
87
12
63
52
24
33
73
17
97
98
100
95
92
4
54
27
0
7
27
99
70
66
54
41
44
48
37
46
79
37
20
39
18
72
14
60
62
25
94
25
12
86
9
13
85
34
0
57
51
21
29
65
77
23
80
27
87
39
33
91
2
84
6
87
69
90
9
93
58
15
0
60
35
24
74
4
41
82
67
36
19
47
34
73
79
10
93
72
51
66
46
42
7
68
99
66
45
98
63
22
76
4
76
54
32
69
93
88
92
51
77
50
55
11
21
89
91
67
5
57
32
32
33
16
70
43
32
99
32
89
45
96
84
64
52
56
33
41
64
49
55
25
90
50
71
26
98
45
45
80
59
54
31
42
4
18
61
70
57
35
81
69
73
6
83
84
96
48
0
71
83
9
86
65
71
21
100
68
0
35
83
88
87
46
21
87
56
58
75
39
66
99
24
17
47
51
90
23
8
33
85
52
65
35
74
38
89
76
8
92
12
86
74
12
18
72
100
21
63
36
48
48
6
58
80
95
21
74
96
84
74
34
64
19
45
69
21
41
10
88
57
75
75
61
58
64
75
17
43
42
60
7
72
98
18
54
47
88
60
97
18
69
8
44
85
72
57
22
23
17
93
82
90
22
85
95
63
61
30
10
7
34
6
21
31
36
28
43
99
52
62
41
0
36
27
50
26
39
18
100
70
57
26
15
32
87
13
41
80
55
88
47
84
83
5
76
47
65
14
11
4
56
18
62
75
12
41
86
4
40
86
80
90
93
98
10
96
60
12
18
11
7
91
17
35
3
95
57
61
18
31
66
81
47
12
0
19
58
41
93
80
97
24
100
17
25
88
21
93
87
3
76
22
91
58
73
71
1
57
81
17
82
47
38
43
9
68
41
11
29
9
27
84
13
43
91
80
73
38
30
16
43
53
100
19
14
0
58
55
28
100
77
15
21
31
31
6
34
23
40
1
99
77
54
30
56
68
32
36
79
66
65
14
67
40
83
28
100
33
44
62
13
86
79
9
36
12
97
85
85
43
68
47
16
9
53
86
60
35
95
13
10
25
75
27
96
20
0
58
15
73
26
85
28
53
51
41
47
25
1
17
45
38
23
69
1
20
85
5
16
66
72
67
62
42
94
70
80
46
45
22
1
16
5
53
10
24
25
33
16
93
82
88
37
2
29
35
20
82
79
70
7
8
30
37
82
98
77
25
37
11
20
60
72
78
5
89
97
64
6
88
83
94
34
2
28
21
16
24
7
28
46
55
68
76
80
68
50
34
49
80
17
1
72
7
81
7
30
46
63
95
49
50
70
53
43
23
96
30
81
34
72
10
99
56
54
44
15
22
70
31
75
36
90
21
21
29
24
60
22
31
95
81
48
98
41
78
51
64
99
47
36
94
81
31
24
38
28
88
3
6
59
3
66
4
58
75
89
37
68
4
31
60
94
43
93
41
46
55
88
82
75
81
18
7
33
85
51
9
87
32
98
68
98
39
15
76
49
16
30
10
77
27
78
92
30
1
29
64
44
98
30
24
77
55
6
9
21
91
5
64
60
36
87
69
39
96
72
21
47
91
69
84
29
61
38
16
36
50
98
97
18
6
25
65
72
3
19
7
30
64
96
10
24
51
4
14
83
87
28
10
96
0
12
20
31
84
65
85
41
51
35
58
46
55
91
19
74
74
40
15
67
38
34
40
9
19
44
72
21
49
77
91
21
98
85
0
60
33
18
26
93
9
5
18
34
9
7
97
19
25
7
63
57
30
47
95
82
49
12
58
11
69
72
70
18
17
93
85
87
90
33
95
70
39
91
81
9
92
28
33
32
35
97
8
21
19
25
95
21
8
47
94
94
20
89
31
37
47
61
52
50
84
46
52
74
55
100
1
89
47
0
28
26
26
16
75
94
0
67
24
45
61
32
6
19
99
89
2
55
84
68
1
5
36
95
73
24
19
46
81
59
76
87
74
15
15
26
100
71
99
90
85
90
85
90
16
89
73
0
58
87
70
71
42
4
28
70
33
58
68
23
99
90
91
71
86
84
77
45
58
92
38
79
45
53
41
91
10
34
81
98
21
92
2
8
88
99
82
40
32
61
5
80
67
17
51
58
25
33
92
39
30
48
93
92
1
34
18
99
86
24
55
69
69
15
52
31
55
34
57
31
24
47
9
42
17
51
7
31
76
83
67
30
3
57
58
11
8
3
53
33
46
57
49
67
7
43
14
93
99
70
42
48
12
37
86
53
57
43
36
64
27
83
90
66
40
73
67
23
49
7
47
50
93
12
31
16
24
28
6
0
96
36
7
93
12
87
31
20
94
94
56
26
51
37
36
60
84
90
7
18
95
41
52
41
49
79
53
10
9
15
71
45
98
47
58
75
16
94
56
74
14
77
48
66
26
79
67
66
55
98
28
27
81
90
98
13
27
4
8
44
50
19
92
2
24
28
25
15
64
56
76
21
80
5
45
50
63
94
21
27
91
26
95
54
63
63
42
3
57
12
17
94
37
44
38
28
55
91
54
37
28
94
0
32
42
75
8
22
66
51
24
44
86
73
60
87
80
17
20
61
4
47
49
41
90
42
19
51
35
18
57
70
38
53
41
83
44
32
79
92
72
4
0
56
67
98
30
50
54
87
82
0
86
71
32
82
33
69
6
47
60
3
13
13
94
47
32
58
58
39
28
23
7
72
77
89
37
76
75
25
11
48
63
7
35
42
4
13
14
42
3
22
35
61
65
12
87
2
79
57
29
72
61
2
14
61
25
64
69
0
88
89
94
73
57
6
15
68
17
44
0
68
57
88
68
9
89
28
71
20
52
76
10
7
62
25
87
16
2
67
100
99
85
15
84
93
99
13
5
22
47
45
88
98
42
36
16
10
67
21
6
59
54
1
40
42
20
98
71
95
56
4
80
54
26
4
24
34
91
5
96
27
12
22
99
96
6
6
57
46
20
63
27
42
86
76
34
15
65
40
22
78
13
86
13
91
10
44
100
85
59
75
60
67
83
59
17
57
29
100
86
34
33
39
19
35
87
52
93
97
44
20
41
50
63
78
67
87
91
45
26
79
52
36
92
69
41
93
65
32
12
79
47
23
4
2
5
77
35
90
9
81
23
42
46
48
32
82
97
78
11
99
27
41
28
60
62
46
61
19
27
95
2
42
65
1
44
72
100
50
46
56
51
40
89
3
49
100
11
89
2
39
87
55
18
9
24
46
14
37
91
83
11
44
56
100
53
19
97
12
25
32
54
34
34
27
61
75
36
12
39
32
20
86
56
84
16
98
48
42
48
59
99
4
41
44
19
82
14
67
96
47
36
29
24
24
99
22
64
2
52
25
28
5
87
14
65
29
98
40
5
76
61
83
83
29
98
4
14
27
83
19
4
50
39
84
57
64
54
39
79
86
15
46
25
55
47
15
52
24
16
78
22
51
25
84
100
56
3
73
99
25
11
69
48
98
39
48
42
2
91
26
14
45
98
82
2
43
100
44
62
15
40
58
87
2
38
71
84
58
16
40
5
52
48
10
41
70
70
49
30
3
70
91
50
46
97
67
100
74
74
45
62
60
33
61
71
37
77
20
99
97
20
34
14
31
72
17
70
40
38
70
54
7
22
8
59
78
9
33
35
76
80
7
49
8
82
5
74
54
69
92
56
1
63
23
54
33
12
12
74
67
41
69
12
31
28
57
86
75
51
72
12
84
58
65
98
98
15
23
33
20
51
58
54
47
14
45
1
24
4
63
72
33
25
70
20
11
27
18
54
56
65
71
75
3
46
9
34
50
43
89
47
73
46
87
81
74
65
83
7
9
55
62
89
92
0
63
81
10
92
91
49
47
12
40
69
73
78
64
51
83
35
85
62
19
73
64
41
59
24
98
67
96
74
27
93
53
34
52
84
1
40
77
59
21
10
53
4
49
88
14
31
32
56
72
47
33
38
5
99
49
10
87
84
72
2
86
88
0
78
34
15
69
12
11
72
17
0
86
65
64
11
57
82
81
83
58
16
73
84
49
78
34
83
69
21
37
66
99
59
83
86
23
46
9
98
98
69
86
7
38
96
88
68
6
35
40
95
59
88
17
13
51
64
46
83
18
80
70
100
20
99
31
75
29
98
77
9
48
89
73
97
41
74
82
67
43
62
100
7
36
67
33
15
100
32
52
92
34
1
33
68
38
55
15
46
77
92
76
70
43
31
34
37
62
79
49
93
35
9
25
8
11
62
75
60
11
90
88
71
68
47
44
4
83
26
19
55
49
67
54
92
25
82
24
87
23
67
95
58
96
30
91
44
74
9
8
38
25
36
47
22
99
80
65
21
24
65
93
21
0
94
1
77
53
41
31
79
70
0
0
4
12
43
71
49
43
7
19
42
74
63
15
56
63
61
67
0
18
26
39
73
55
59
33
37
62
89
63
13
85
93
18
38
12
23
37
72
61
15
91
62
47
20
58
36
55
67
35
99
92
26
58
92
23
89
100
91
83
59
81
68
6
17
14
97
70
39
45
43
8
97
48
81
62
25
11
80
48
3
51
74
62
8
17
51
92
92
43
29
15
60
59
90
8
13
4
99
67
7
27
22
88
90
54
100
11
60
18
33
15
100
74
90
39
1
41
50
91
70
4
54
63
54
23
35
35
78
61
34
43
97
65
73
35
69
16
97
95
97
91
58
97
76
34
44
7
6
92
21
77
76
2
86
44
88
22
65
21
38
78
61
88
53
69
99
95
81
33
32
32
90
30
43
57
91
9
50
12
80
49
45
15
5
74
86
60
49
36
70
75
24
91
71
11
90
10
26
38
25
14
32
2
81
22
29
42
25
64
45
24
96
80
50
68
94
46
36
83
3
47
17
75
54
57
93
2
88
38
45
85
24
75
82
6
99
2
53
5
66
3
58
79
34
27
71
83
56
95
24
40
100
25
50
42
10
91
1
75
91
59
71
7
61
53
84
2
42
1
30
86
75
29
98
87
9
68
20
87
55
79
2
58
53
83
81
8
67
12
52
34
45
59
33
9
96
65
19
69
33
7
28
80
73
31
9
95
86
36
88
29
68
16
44
47
70
91
96
93
80
68
87
40
35
5
88
19
84
10
8
5
71
0
57
77
32
47
64
87
60
27
50
20
43
62
14
39
47
12
41
27
2
45
8
42
35
82
30
20
17
46
40
58
90
9
98
76
16
4
48
53
93
7
19
33
39
32
16
33
92
68
3
94
23
62
95
16
68
58
24
22
45
1
22
100
61
65
11
24
55
93
87
49
4
47
28
35
88
9
32
98
63
88
3
29
14
83
77
78
32
19
80
32
34
78
78
49
40
90
92
15
36
24
68
26
73
88
56
30
10
8
2
28
47
70
64
61
67
95
17
88
73
80
36
17
28
46
98
33
81
61
45
20
28
34
41
55
48
27
100
58
36
61
34
34
58
72
88
56
97
65
54
25
29
59
63
13
58
89
2
29
91
63
9
15
84
50
28
67
73
76
90
22
71
51
57
42
86
67
93
78
44
45
47
25
84
9
1
70
45
3
75
95
90
88
96
26
52
98
53
98
68
48
3
25
85
77
41
27
16
38
27
0
2
61
62
87
85
4
78
15
44
17
89
59
96
47
19
77
85
41
38
71
29
