72
75
66
79
80
23
70
85
71
69
17
43
27
92
16
28
5
4
1
28
15
37
49
98
19
53
66
93
45
61
73
0
4
30
58
24
7
41
39
93
76
100
98
93
94
97
61
72
73
23
15
87
51
26
31
82
1
97
19
18
66
71
93
65
34
96
66
6
16
79
76
84
66
71
12
28
38
47
52
23
75
94
78
31
19
69
64
81
76
7
81
77
6
35
95
16
6
69
28
34
86
82
51
48
25
98
85
1
70
70
82
97
25
31
69
79
15
47
68
37
44
96
21
94
75
71
3
8
27
77
12
71
13
53
25
57
19
40
49
18
90
55
57
20
64
10
95
19
84
49
19
100
28
35
65
87
71
77
1
20
47
9
48
19
77
67
23
90
16
40
54
50
97
25
77
49
32
33
20
56
57
51
41
84
96
43
40
55
42
12
30
92
35
92
31
88
18
88
51
87
93
73
75
56
80
65
24
66
65
54
27
80
67
28
75
89
90
2
65
41
98
34
25
89
30
44
6
9
88
61
65
34
13
100
90
63
79
42
79
30
81
44
19
39
74
6
9
95
31
42
29
53
55
0
67
56
28
41
71
36
22
46
44
59
88
79
91
90
70
78
60
1
92
95
65
32
42
10
55
32
6
45
78
32
16
7
3
43
28
33
54
98
2
73
20
27
51
91
78
81
25
60
59
82
57
5
99
72
88
60
66
1
17
36
87
79
27
62
22
58
63
90
66
42
2
54
0
2
6
25
25
3
95
94
53
49
36
59
29
53
39
22
38
59
38
25
64
85
89
95
95
51
67
76
15
75
52
21
24
2
21
12
18
46
5
98
59
35
69
26
20
33
70
46
73
57
5
0
3
37
18
18
62
42
74
77
86
31
41
40
82
10
31
44
40
15
97
28
51
61
40
69
2
58
24
66
85
9
71
91
55
80
48
0
84
23
0
18
77
66
85
72
15
20
60
13
64
19
93
33
68
57
1
29
96
6
66
1
100
36
55
86
36
26
84
24
49
59
71
59
97
95
34
13
16
36
87
13
85
56
51
17
78
26
4
75
20
21
12
94
72
55
22
16
32
38
41
15
26
18
18
15
98
80
47
45
93
38
28
71
97
82
3
71
56
96
22
55
12
5
