1032
3655
1549
3046
1811
3762
2655
3537
4024
3249
649
4921
3622
4073
4979
4886
451
1078
4958
1420
4368
1203
1931
3739
1901
1552
3643
2837
62
1087
3982
2918
1200
4460
1195
4692
3146
599
1543
3916
144
484
490
2215
2038
915
3117
4622
2587
1641
4769
3521
2410
3356
2999
1959
1186
3374
487
1490
3638
3796
556
3596
3298
4270
1890
3300
4948
328
3426
4648
4709
4943
796
1374
3357
2336
1709
1467
1174
4562
3693
1270
3494
1393
4566
286
1692
2032
979
4269
941
2015
2076
3482
421
3977
1975
4361
1109
3736
269
4470
3272
4243
3390
4543
2274
4463
2514
4214
3763
2426
2944
244
4977
3774
1963
819
190
3880
644
2285
280
1550
4259
1028
2022
1042
18
4986
528
4300
1441
3408
2716
2692
4264
592
1493
921
1914
2787
4238
863
2551
1950
435
246
4856
473
1308
3442
3268
4586
4587
3428
21
1197
3098
2086
2972
1184
4128
3039
2705
3936
1012
3866
955
4731
4492
3554
4363
1669
894
184
3790
2796
1232
527
4532
2565
4603
29
1347
1845
4217
3071
2356
40
2803
867
4014
3162
4833
2799
3142
3319
4398
3016
4407
16
446
3339
692
865
813
2939
1531
2319
4794
2335
1469
2784
4503
583
4525
4841
1917
1619
4077
830
650
2267
1621
2634
3337
2876
6
1272
1364
3909
1699
1103
1285
3332
519
2946
1591
4878
96
2311
423
1642
4456
407
170
3310
1449
2221
4426
3419
1629
1373
847
1961
736
2217
1906
2743
2303
238
881
1823
4199
2662
3427
3303
1683
1006
4075
1122
2819
3619
4356
1926
1625
2982
3176
119
2526
1306
3598
1465
4819
3437
4553
1793
2897
3898
2436
3976
427
3496
1475
2740
3700
2209
763
974
1406
3498
502
4705
3772
3342
3409
3957
3780
2741
226
1740
375
2208
2792
2937
2762
2542
1695
972
497
3497
2379
2028
1539
1883
4182
4620
3970
3520
374
1253
3607
4755
279
2592
685
85
3028
914
1719
3351
701
4418
273
1706
425
2959
930
4338
3262
825
4814
3489
1191
3692
4439
1925
422
893
429
388
3701
1379
2044
3738
2174
1672
60
2855
4310
2457
2091
320
1161
3918
3227
4187
1266
2581
1019
936
4685
4930
2353
3299
4629
4123
1946
2052
3758
57
1933
3553
4232
4892
2449
3931
4910
2663
4920
2785
3781
2469
109
816
631
2868
2435
4811
3524
2683
2712
3513
3735
1504
911
3641
1156
483
2246
4165
1555
2850
4873
3154
151
3443
1599
4171
3621
3608
3151
4843
3131
4578
4467
31
4534
1354
2562
569
4142
1781
1234
2987
918
4023
967
3726
2934
699
873
1635
3340
276
3679
2025
3905
4996
1521
1934
2761
1020
4939
1457
1333
968
3283
2990
3199
2822
4720
1829
2324
593
1685
508
2909
3568
3226
565
4661
4213
1944
2908
3038
2938
4113
2395
2706
1342
2981
20
4944
1919
3865
2904
2495
2122
4118
4367
2865
784
3868
3756
2941
258
845
3217
805
2259
4393
191
2500
3006
3634
3019
3334
4162
1769
886
706
1414
1392
2389
1231
3202
3601
4292
3234
2393
1100
4330
4657
4090
409
4653
2808
4291
253
546
404
1224
1854
1603
1858
4688
4687
771
179
1279
4175
2130
206
1165
1358
4001
1430
93
1559
1063
1471
3657
594
1041
3817
2277
2652
961
922
4495
1452
3567
2760
4119
4406
80
512
23
3307
760
844
1075
2036
4480
54
3769
2813
833
4417
3436
2846
4614
77
2537
970
2071
3678
2378
3053
2597
3233
4714
2772
1381
1686
3391
2942
1329
2137
3727
3912
1219
2682
882
4559
2779
2594
3751
1782
3834
4707
2296
1362
1802
4975
4174
2271
272
3894
360
1561
4613
4450
1233
291
1662
4712
1486
3485
2624
348
3532
1300
372
770
4968
1338
2419
4593
49
4529
1915
2877
4380
1291
437
1142
4442
1713
4384
4890
4030
199
3276
3895
2117
758
4752
4359
2306
172
420
2571
2292
4641
4040
3223
2266
2189
3296
3826
3745
3636
567
1343
2725
754
3626
1668
3077
3402
747
1013
2953
691
2417
4251
3034
3985
4419
2744
4183
2453
940
467
3666
919
4435
1427
3452
3585
3326
4059
107
4651
2671
1518
1556
1157
2773
2149
1115
94
2169
777
1352
3705
4754
3853
672
1710
1655
3939
3174
1496
1111
2501
3961
866
547
4400
835
4326
2230
1178
1824
3343
56
876
1079
3140
3691
1846
1187
549
2628
2996
1240
1897
2171
351
440
949
917
3407
2421
50
766
1598
4736
698
3682
236
3099
723
755
4028
859
2532
4318
3689
4686
3947
3879
4488
4824
1252
4215
3586
3201
4756
38
2007
4038
1245
681
797
1785
678
2158
3190
2351
1968
1886
340
4760
4098
289
2233
633
2765
3813
2994
1714
1247
1409
224
3584
4730
103
4823
1612
521
4949
3825
3901
7
3502
1826
1810
3874
3965
2037
1753
73
4956
4159
4353
2666
4767
149
1879
2167
4185
4517
3512
4527
4817
1401
2382
3414
1415
2017
3728
2935
45
2286
331
564
1098
1024
2200
2088
1033
4366
3416
3637
3527
4565
2147
4208
3250
1317
1040
1439
216
1730
1835
3684
1839
5
4212
263
637
3858
533
3557
693
4387
4855
4821
2590
4437
363
342
603
1953
4394
4795
3051
2337
4570
2364
4917
4535
3960
1318
2073
4202
2384
1126
438
906
2135
916
2429
111
4136
3919
2734
4897
2252
3346
86
1562
2008
268
4812
4025
2620
39
516
1613
25
1600
4057
857
380
475
4521
3062
3210
4711
2075
4302
2502
2905
2039
3627
3406
1694
1036
2535
4623
198
500
4746
3279
2084
540
1304
141
1565
4504
505
171
135
4680
532
64
3764
357
1243
4502
3069
3718
4063
3286
832
415
2812
3460
2283
47
561
2332
2516
868
3572
1038
2240
327
3192
4758
2848
4180
237
2527
744
2605
461
2820
862
2328
2108
1972
298
3915
4201
3923
159
4225
3385
1498
2188
3258
901
266
1512
1580
4157
3928
4876
4344
1502
676
1095
1576
4016
1501
3507
1312
3294
4739
471
2831
2291
3244
2359
3095
2556
4218
2003
2515
4245
4810
1046
853
2095
4346
70
2885
4924
1848
3255
3119
4325
984
962
2533
260
295
2698
4358
4352
1376
2864
4524
1387
315
4531
2441
725
4849
307
4033
8
1110
4880
4360
4323
1481
3049
2430
1091
2241
2
2183
2487
4357
1353
4443
2700
579
4392
2547
3434
4247
4721
1077
1544
3590
2970
122
1346
3007
163
4371
3031
3962
1645
2484
3633
2770
4735
81
118
515
4193
3478
1523
622
259
3779
2334
2568
750
381
3958
4830
2316
3540
2362
2415
2912
3556
104
3410
1461
781
2391
2478
1361
3011
2482
2637
4268
2888
2623
4913
1436
1434
3830
4048
3275
774
4032
1332
3252
879
2074
1106
4556
167
2708
4278
856
4274
2993
4156
2438
3543
4722
663
817
4967
1735
2835
870
2281
4796
354
1450
385
1447
1402
4740
4734
4918
1863
2887
887
2789
2614
4027
4049
679
1221
1214
3514
2026
4804
4703
2368
1807
2828
2228
4085
3010
2262
349
2611
3824
4161
4713
4650
3091
1112
1273
2807
3720
3197
3863
161
1278
2386
3661
794
2694
740
2058
4104
828
4904
4894
3139
2536
1801
4029
166
584
2115
4518
4936
2425
3562
3477
2242
2080
2641
3938
3581
2408
612
985
4474
4660
3471
2175
3284
2192
3714
4551
4742
61
2660
542
1872
285
743
982
4668
4879
3933
3662
4585
3379
2265
621
3793
3618
4011
931
2621
3648
4177
1428
2676
2401
2769
3089
4152
1074
495
3147
3747
4782
2128
2646
1743
1339
230
1505
655
3435
1976
705
3753
3160
3929
2553
4787
2593
3090
715
3698
1055
4167
243
1477
3629
3899
1000
2672
3012
4928
4381
4147
3593
1588
4633
574
3887
2752
3519
4109
310
2072
2377
2213
2473
3411
3807
3377
4334
4683
2591
2853
3694
3799
4866
4807
1017
2602
2606
2552
4434
4594
670
1135
4649
3044
2499
1210
818
398
71
4328
418
697
1978
1970
768
4379
3516
1314
1850
3196
1177
4971
2144
1425
2363
1168
2522
3172
2409
1201
3518
1149
1748
2193
4289
2549
3640
1902
2638
1856
4783
1443
3280
1293
1280
2613
4998
2928
496
730
1631
2064
4044
4308
4399
683
1877
850
4595
1583
2325
630
2298
2872
2702
4674
2589
1632
3032
1821
453
317
3963
4638
4696
4793
2462
1760
2747
2567
3750
2045
529
2081
3183
1153
262
4200
4194
1578
180
3323
3979
1129
632
4700
2461
1584
4995
3998
4999
4015
1508
2806
2112
4615
4792
647
3445
477
4007
3353
2446
3484
3672
1323
646
1677
525
3832
965
2833
1752
2477
4229
1437
32
4340
2201
4322
1634
449
4973
3315
2085
4829
3955
66
1397
2103
164
2207
2976
4262
1691
1238
152
1099
2424
1582
2756
1002
3653
4684
1141
1553
3836
1263
2317
1525
9
1891
2842
4410
3872
2668
2198
2187
1357
4179
1941
2465
1282
4089
899
386
4780
4751
660
1264
2146
1967
2247
837
1169
2838
87
900
1697
1026
3024
2713
1255
1532
746
3277
4050
1482
4618
3890
4348
2691
417
2511
3211
3602
4972
2505
2906
3732
464
1639
1888
2913
3261
3078
2659
1269
3973
275
2715
3
712
2437
0
571
2061
1483
2610
3771
861
2586
4423
2719
896
4272
318
4372
2956
4885
306
3785
2275
2830
2932
4378
762
1687
1527
756
1043
4575
2910
4802
2023
319
4424
4964
2494
948
4933
3245
4237
3479
2330
2989
3664
2947
4250
4190
1974
4564
4580
1607
4520
1643
3003
1030
1814
739
1715
2078
37
4644
4980
4764
4654
787
4021
2921
1606
1768
4544
3373
228
1945
4538
1789
4415
235
2722
3921
364
176
4665
4307
4420
4235
44
3994
2721
3220
2653
3948
2010
1705
2931
3366
2852
3845
4149
2483
1757
2651
1663
2599
2371
256
4718
1809
1460
26
2862
4847
4970
208
806
1784
3137
2479
4625
3178
209
4146
572
4377
326
2919
3403
2452
3259
3483
3122
4677
1192
4068
3573
656
2737
115
1057
4574
158
2776
988
2836
3704
2950
4863
3563
4836
1256
4485
1734
99
3558
1491
942
155
634
2011
1083
1416
1895
1335
3731
4022
4297
761
2300
3656
4673
4333
3992
764
1939
3827
907
573
1575
2250
3723
4617
210
1345
1746
4315
1617
3144
3481
3833
4477
1326
439
2111
1365
2294
4093
3860
3535
1320
1331
4056
3660
2376
568
324
1003
3430
447
3988
4169
945
4365
4339
1125
2748
2810
3549
297
312
1241
2302
4691
431
587
4982
1337
4989
3902
395
1413
4072
343
3570
4717
1463
2625
1446
653
950
1274
1674
2866
4816
628
59
3260
397
336
848
1494
4891
3448
924
3580
4877
2707
2474
3588
3974
4899
3903
2427
4421
1646
616
201
4207
4078
2145
1045
2564
465
211
1209
482
4321
1229
4402
3030
2476
2314
4789
4840
4774
1997
282
3187
1007
278
1069
1188
4498
4468
4927
3207
3652
3231
4511
4105
1410
1620
2780
3321
3577
798
1472
1881
205
1920
4509
3060
468
1124
3423
1747
4813
2648
3288
4134
1969
301
815
1137
3801
288
1227
1456
3042
3000
2396
1535
520
203
346
4842
4572
1344
2229
2958
3185
4211
1140
1230
3396
1096
2181
2974
3267
4690
2561
3239
944
2572
903
1412
651
1257
1001
3329
1759
2385
4239
4047
2399
3215
1788
3221
2570
980
4061
1213
3859
3254
1609
28
3531
332
55
1657
174
2860
3943
629
2851
3253
688
195
2224
4805
2714
2656
1898
4240
3766
3266
3472
1665
2150
3564
3421
4484
604
1560
3504
2226
4258
3749
46
2709
726
1193
4088
1787
1538
4114
4137
1088
3333
3359
3238
1462
3454
1276
181
1061
1767
3370
2138
3169
1511
2114
4433
1689
1731
4516
4317
843
3981
4561
1885
222
4404
3123
1805
682
4947
4005
3269
1305
3229
2626
2127
1084
1652
3150
3465
4605
3927
2488
2824
589
2129
4666
3432
1294
3381
3730
956
3983
470
1799
2029
627
1369
2529
582
4634
4099
2440
3086
2677
4121
1871
606
4226
3989
2845
2739
2004
1637
2795
4154
2282
3079
2986
4560
367
4747
912
551
3149
1289
2194
232
1732
400
803
2309
3020
4865
4375
366
2405
4192
2778
618
2678
2554
2153
3893
1725
3306
1790
4536
4616
316
3954
4642
910
2092
2413
1367
4391
140
4233
3048
2307
2758
494
91
4494
566
3924
4791
4679
35
2684
3463
2009
581
3304
3644
732
1777
3707
550
3925
2051
3475
839
138
1904
3135
3579
197
1649
2354
3037
2809
2558
1537
1391
4052
1431
1025
3972
4416
1564
1957
2220
1660
1466
729
4992
146
2152
1237
1650
4935
1876
3882
1433
1529
2711
4447
773
4987
2555
2907
544
539
4825
2916
2788
2881
1676
4405
2014
2530
352
3257
518
1896
3352
3838
4631
2178
2344
1973
4108
3263
2745
2289
2019
2261
1702
2170
3754
1236
296
2186
1250
898
2609
3547
3594
3096
1173
4762
958
2933
4596
15
4455
3188
1773
2370
3742
1382
4963
4831
1351
1832
1990
1287
1721
2365
4444
1310
4396
1602
1992
2616
3045
3047
2573
4606
3492
4655
1568
4945
4231
890
154
4414
1608
4383
541
3247
1499
765
1081
4279
3719
2346
22
957
4286
1542
779
2431
3635
255
1206
4116
3005
3550
4191
1813
1586
4533
4070
577
3087
1058
3620
2925
1118
1062
4432
2926
1330
2815
1711
2964
4632
3953
1875
1605
939
2636
4743
4386
4008
4883
2615
4959
3792
1321
3184
4627
2930
1825
19
2566
3224
1143
2000
4305
3467
3309
3999
1151
3848
2472
188
2451
1327
2960
3008
2042
4941
1707
4170
3639
3115
338
3669
3552
1181
3214
1952
854
2284
2650
1892
623
2645
283
1817
2979
1647
3778
2047
3404
2323
1675
486
3842
4768
3473
778
3724
3706
809
4076
1235
3469
323
2598
1981
2802
1348
2445
1085
4124
2563
3163
2978
4216
524
3975
4539
4221
1995
3733
3313
659
1107
299
3592
4962
4060
2310
1780
3536
1265
1260
3971
4540
4115
3451
4860
455
1579
448
350
2481
1104
3075
1698
2110
358
3800
4253
1546
3815
4390
1202
3121
4541
445
645
3987
2177
4549
4261
341
3256
2686
772
4006
2102
3709
182
3862
1737
2524
2896
4951
553
4148
4600
913
469
4902
1132
355
1488
977
4111
2794
4929
4140
1943
998
4012
303
3470
4716
2900
2724
2957
4926
2783
1440
1093
136
1534
665
3986
2962
4604
933
2506
474
2977
2955
3668
3344
2132
895
1080
139
1185
2767
4826
1295
3341
2965
2559
2109
3043
1930
1557
1682
1366
759
4784
131
831
2048
2510
4591
2525
491
4045
1577
4491
2118
3821
4652
187
3690
1816
927
3021
2163
2801
1661
3623
3216
1408
724
2649
1189
124
3447
904
1595
3312
3338
428
4571
2639
3884
4350
638
3511
503
840
1751
2899
3033
3849
125
3932
129
2875
3510
804
1356
997
4290
1842
2774
3285
1049
4506
4454
3587
53
4473
596
4132
4319
1998
2165
2922
2402
2113
1873
1955
2693
3195
1929
2689
1857
3548
2984
2764
4976
3544
3959
4026
12
3533
1741
563
1918
2293
4320
4724
4345
662
4314
1971
2859
4178
202
2079
4295
4771
709
304
3811
514
4133
2216
1993
2520
3856
821
3870
1218
2116
1727
2730
720
2595
426
33
3686
4909
4809
2249
145
874
4827
2903
4313
1470
3631
999
3926
458
992
1517
1726
2817
444
4000
3459
2690
892
3061
3302
3386
4374
284
3394
2670
2945
3240
735
858
1724
3491
2543
3671
3869
3101
488
2901
1866
292
1749
1404
4452
4590
3685
173
4173
2943
1298
838
1086
1870
1246
990
4960
2373
2504
4515
3088
132
2580
2471
3474
1763
2517
1718
1522
100
535
3241
4244
4004
3765
4934
3204
667
3063
462
3292
4925
2404
183
2915
1121
1008
3505
1480
2297
3658
325
3438
2443
2880
2701
353
2697
3218
3900
4309
4241
1622
1179
3065
4046
1778
2251
370
249
30
3906
3281
636
897
2205
1222
2647
3713
4954
4092
411
1653
1994
3615
3415
1884
4801
719
1739
2980
2375
1145
4362
3476
1592
3228
4844
1163
953
4039
1728
274
1082
2257
2422
2184
4950
3768
233
1303
2295
2703
134
1207
785
4997
2012
989
2849
2041
689
1626
3175
4738
4487
1307
4465
2538
4621
337
711
4579
3523
1052
871
713
846
2519
4312
3287
2858
2920
2458
1722
1208
2225
1554
2710
608
3805
4412
1942
430
1199
652
2889
4656
1341
113
3628
1259
4168
3399
2418
3052
1618
615
4466
4074
3715
4082
1940
2681
3697
27
2470
3506
3330
2569
405
4055
2746
4486
3177
1164
4953
393
4845
2151
4260
2444
371
153
3885
1786
3744
4597
2199
4497
1395
2288
2056
3743
4550
707
4608
2357
1258
4141
775
4832
4086
4568
4311
3480
3597
1894
2839
3219
3565
4227
1286
2518
2674
1146
1047
2583
271
160
102
1113
2156
2541
3829
1116
95
4034
4670
4143
4659
4256
3984
3026
2329
664
3270
557
68
609
1513
2358
4851
329
2372
3328
3035
257
4083
389
1044
1377
3066
1076
339
1468
3417
4102
4726
3725
4658
613
4611
4966
2388
3070
4186
58
4490
1966
1987
402
4500
105
841
17
218
3055
1167
4184
991
753
3839
1147
4428
2995
523
4932
2090
1615
3194
677
2757
3659
356
3200
3059
311
2654
1296
2322
213
2140
4122
3365
1581
4210
4496
1794
3582
3401
4766
4248
1640
537
2546
4369
607
1985
3441
1627
1138
1068
1445
3752
576
2350
394
2804
2854
1720
1696
684
2087
2834
1916
526
2973
2097
1744
3696
359
3711
1066
2244
3741
1667
2338
2053
3809
1372
4475
2258
3157
434
2870
480
3145
1849
252
3189
4440
4554
4395
2493
3114
383
829
4298
1909
4453
1495
4429
680
4230
2125
1390
333
1262
1932
4772
1277
3273
221
3179
558
4537
379
3082
106
117
4062
1514
640
1670
635
3243
302
3014
1558
3242
3488
4065
1853
2983
3560
1644
424
4483
2234
3230
4993
1636
1249
2301
2874
413
3861
3823
4645
1162
4155
2917
2094
2540
2923
3461
162
1072
2279
3203
3092
3571
241
2456
625
2021
4131
2729
4017
3583
185
4786
147
3022
1526
270
3995
2196
128
946
1922
710
4969
4097
2608
1980
1666
3650
1837
3630
2728
1847
1820
2733
1064
4896
4267
1690
1818
443
4903
1729
3964
2248
1567
4727
2018
543
2513
641
3383
3290
2120
3667
1239
3546
3017
2143
554
1949
2320
412
1155
2352
123
4343
2173
3761
3355
586
1982
3777
810
1717
2612
4196
4759
2197
2434
3102
2841
3291
3930
2680
1
3897
1836
3446
1009
3056
2509
1004
1803
1123
3213
308
3181
3050
1054
3996
722
4974
2448
79
2763
4853
4316
4837
4427
2202
305
1761
4757
4436
2723
1492
3840
1432
2642
3775
4094
3688
2644
3325
3420
3013
4064
4637
3376
1035
4694
3232
2604
3072
552
1429
4164
2218
721
1400
3819
1630
3509
1954
3320
2818
2345
820
792
2720
3164
2857
3913
4188
3205
142
1067
1148
4408
4669
1900
4663
2190
1399
3317
2891
408
4778
3335
2797
2480
4160
1060
4373
2827
3501
2243
951
3717
4978
1533
4957
648
1438
3940
101
1089
362
3487
1770
4699
2890
4150
373
2433
194
2121
790
88
4336
2124
3804
3311
3576
3616
261
4797
1194
3746
3084
2414
277
2264
3265
2528
3362
1947
4303
2119
2902
2272
90
472
4125
3360
1755
1681
4507
345
3810
1671
3345
1924
2305
65
3990
2387
4519
1050
1754
3611
3009
2104
2239
2348
82
2416
1180
4619
459
4043
4107
3103
3642
2632
3314
368
1424
3107
3816
1948
2060
293
1570
2123
4908
2601
231
498
926
403
952
3605
802
3702
4624
2883
3369
1015
4907
4915
3541
741
2791
617
34
414
3462
727
1316
4869
3835
2432
4478
1114
934
880
4457
1350
531
1979
1688
4888
808
4770
2255
3456
1105
384
2749
4087
4449
704
588
1299
3917
2082
3873
1131
1292
4785
3106
501
2603
1190
4905
2997
4942
823
3855
2349
822
2829
2775
4479
4773
2948
3387
3551
225
4036
3935
3367
2263
4476
3737
401
555
4874
2688
3867
4013
3603
2924
78
314
76
1844
4469
849
1284
2136
690
3097
4552
24
3100
511
2793
369
1798
1765
1226
4635
1573
4254
4548
4331
4914
4280
2055
4991
3297
1423
2005
4176
2280
2327
1651
703
4385
4820
3934
460
4776
4010
4471
4916
1359
2884
3896
2861
2588
2742
4808
1733
204
334
3155
889
3159
4135
4403
2826
2139
1738
3677
4084
3695
2523
2988
3545
4893
2093
3081
937
4569
1878
2403
3538
1589
3455
1658
4347
2998
1102
3424
3670
875
3449
1422
3613
3795
3969
3128
1962
1704
250
2633
4151
578
2400
74
4489
4697
148
855
920
229
4129
2203
390
4662
928
506
2397
2738
2467
2856
669
3525
3907
3612
3378
2276
4018
3673
432
1388
1152
1604
4409
4166
4144
3167
4163
3852
2162
1594
10
1160
888
3654
396
4672
2667
2675
1166
1489
3878
570
2428
3877
3363
807
3555
1311
4355
4702
1014
1175
42
1756
4923
4209
4647
3371
4530
1783
2176
842
4294
4900
2227
4906
3665
1261
4009
157
3171
2695
3591
2914
178
598
959
4790
2219
3946
2622
4695
2879
668
626
2766
1150
4639
1204
2735
1960
994
4370
3740
3375
4204
3822
3457
4481
1887
2798
986
2420
3444
3198
4607
3439
214
654
1021
2811
4800
2507
4737
4708
3111
3814
3136
4678
4051
1745
536
4139
3440
3675
3574
2497
3651
793
3029
1464
2164
507
2731
98
2321
3023
2439
4889
2584
2991
245
2627
2951
3165
2617
3575
2206
923
2491
4067
248
2886
3625
1838
4205
4106
4582
4284
3542
509
4103
2406
3968
3388
2105
1130
2576
2013
4277
4542
1340
2191
3018
1633
3433
4265
872
4236
3770
929
1506
2159
1071
1158
1983
1479
4306
1988
1792
4846
2172
234
3141
3331
3493
4246
1762
3305
3676
3246
1936
2892
3400
4266
971
3392
1923
3515
4482
3888
1476
485
454
620
3950
2054
1828
643
1700
1772
3847
120
748
673
3500
489
3382
4848
522
826
1540
2160
169
3589
2545
3316
4984
2270
133
4838
3113
605
456
1134
4706
3412
1964
2077
674
3534
4723
3997
4828
2035
3486
4
1880
3610
41
3757
2840
1548
3599
1519
1822
1170
751
2750
3851
4145
3398
1574
3133
4285
4462
1977
3495
110
1172
3875
1795
4852
1910
1244
2315
2498
321
3788
1624
2043
1120
745
2492
1267
2582
1507
1380
1119
3193
3004
4002
2366
4224
2544
3350
3703
4110
2204
2067
1435
600
2577
387
3864
4299
1128
1999
2629
1827
2687
947
347
466
2326
4493
4864
4431
1248
2578
4354
2154
4775
4725
2534
4898
2847
3886
3384
3468
2790
4728
2869
695
4664
3209
3503
1094
2736
4526
3425
4895
1859
2049
2777
63
1048
1536
4988
3354
883
3748
2355
2392
2508
3528
4588
1742
3248
4710
2873
2821
3818
1775
4458
3944
4382
3508
2954
983
3208
2596
2253
2832
1597
3168
4681
3054
2212
3116
1703
1654
891
4547
538
3683
3710
1474
2107
116
1509
4799
1458
2867
300
3134
534
2496
1861
964
2718
4748
2825
3322
3606
2489
1860
130
1611
559
3161
2290
2331
3794
4324
1766
4626
4276
48
3129
734
3837
335
193
4701
1448
1524
987
1215
4745
2661
1830
1290
3647
4189
3074
4798
3604
2333
3674
3125
3663
869
3789
4127
251
2460
3680
3464
3094
4563
1216
3828
1680
4545
2643
2969
4573
1426
3105
1907
4287
2134
450
4671
1334
3073
1590
2759
4273
3797
2020
2016
4257
14
1031
3085
4195
2966
192
1921
1010
4598
2168
168
562
2466
3413
2940
376
3186
1551
4871
1127
4884
2531
3687
1874
4397
2195
1451
290
3064
4130
1991
782
4567
3569
1984
2640
3808
3068
365
3040
227
3908
3347
2340
2339
718
1528
1547
2260
1935
212
1648
1288
3699
137
2210
3336
3803
2235
4472
4042
716
2895
3093
4610
36
687
3278
4446
112
1454
3922
1903
3431
2679
3949
1417
1563
4510
4931
175
3729
2882
3143
4815
52
1937
4255
4512
1051
156
3517
1956
2360
1101
3405
2222
1867
4729
1712
2065
1097
3372
220
4388
963
3624
960
463
4296
4234
3237
2374
3318
4859
1693
4271
4448
3966
127
2040
478
3429
2098
3539
3118
287
4349
2231
3646
1396
3595
3324
3760
1958
1889
2512
3831
2579
3158
1791
2560
786
3148
1059
3967
1275
3058
3857
2823
4788
1196
4870
1869
2238
1840
1572
4599
3529
1530
1386
2101
1510
1217
597
2304
3180
3530
3566
165
3393
4940
4101
4612
1378
4901
2361
309
2863
1862
1301
2398
2269
2059
1485
1593
3358
4242
3889
4576
3617
4293
126
4577
1484
4990
1212
733
4031
3120
800
2871
788
2952
4558
4592
3991
3784
3466
4003
1220
330
2635
89
814
1833
3876
3614
2089
2657
1368
1403
1515
207
4158
3649
4875
1776
1336
4249
1679
3036
4602
3937
3235
2463
4523
3002
975
1684
3027
2929
3025
1927
1411
4835
2665
2574
4071
4413
1673
1271
2223
4818
4857
1453
1360
2786
851
1159
1183
441
1812
624
1716
885
3110
51
731
2380
969
2485
4750
783
2898
1701
1034
4441
4079
2256
1503
3911
585
3632
240
3920
196
2800
2658
2696
143
4069
4066
4555
1139
1771
4609
595
457
499
1455
2063
3301
4376
1500
1473
223
2664
545
1309
675
479
4304
752
4854
2278
3397
2781
749
548
1736
1176
4961
3293
2236
3883
1315
2179
3327
1228
1708
4096
433
4557
3001
2142
2968
694
1398
966
1027
2245
642
378
1117
4938
575
702
4459
1324
1037
2631
2367
4952
4646
313
2083
2726
4581
2390
2099
3712
1678
4858
4035
580
83
3951
2754
4749
4733
2619
4451
4327
1779
4329
2521
452
4693
2669
2148
3791
981
2030
1011
2685
3348
1136
3083
4867
436
2618
442
1723
4430
4203
1242
2447
3153
2607
3108
1319
1908
3166
1322
2963
3395
4263
700
2106
1864
1442
3289
4719
2062
728
1459
3389
406
780
3798
935
4020
2166
4522
4081
3526
2411
4955
834
1421
186
2068
4091
1182
1808
1882
714
4601
4704
4501
1092
3368
1596
4095
2100
877
4834
3850
3156
1911
1893
2454
4779
1852
3716
1394
4985
666
2299
3721
4546
908
1938
3127
601
69
3645
4288
4464
4275
3755
2927
2893
2450
1022
4341
1302
973
1444
4912
267
671
1855
1796
2805
3015
742
3361
2985
4282
2967
1585
1868
4868
661
2717
1899
4806
2459
1545
1225
657
4445
3418
3206
416
4803
3170
1405
377
1487
2157
1349
799
2237
1251
513
852
4715
2755
2024
476
4364
1638
4342
4922
4222
4628
254
1016
43
4643
2033
1283
1764
3182
2254
658
590
2911
4283
1569
1108
3787
4219
3453
2486
776
738
1516
1497
4054
3891
769
3225
3773
217
3767
1851
2318
3080
2342
2394
4676
4667
92
3173
2475
2161
2550
4528
4583
2182
2975
294
3783
4206
2732
2002
2878
3871
4197
492
4882
75
4080
2992
4781
3978
4508
2214
1986
4499
639
2343
1616
4053
3041
2232
2308
1750
4763
2155
2185
3941
3132
2031
3782
3236
3942
67
4037
1375
976
2006
3846
602
1154
2971
281
3841
3364
219
3112
4281
1659
1389
1133
13
2575
4911
878
3458
4744
177
611
3282
4698
2464
1313
3559
3450
824
811
121
4872
3600
1520
2369
3786
3490
3126
1407
1664
4777
938
1541
3952
2843
2273
860
1834
392
382
4741
696
3993
242
2096
4411
1371
3251
2600
322
3152
3522
1297
2548
4753
1029
1419
391
1804
3854
4994
619
3806
4332
996
4881
3380
1774
4153
686
4228
1223
3138
4682
3843
530
4422
1418
2180
2442
1928
4887
1912
4223
1384
3734
2423
3124
11
884
1965
2050
4584
2699
200
1819
2131
150
4100
2814
2268
4861
1005
1989
2961
2490
4862
1841
4337
4732
1610
504
978
791
995
3076
954
4172
2066
2046
1566
3820
2069
4675
1385
1601
1056
2949
2034
4630
4389
3222
3844
3349
836
925
1571
905
481
2313
812
4301
2539
1831
2782
1070
264
3881
1281
2347
3274
801
3104
4220
4335
591
3191
1198
3422
932
3759
3681
2341
1039
247
3812
737
2768
4850
2407
1913
265
757
4198
4438
3067
2412
3980
1806
3308
2211
717
4112
3264
4919
4839
1815
1865
795
2383
2126
3609
3722
993
510
4636
84
1758
4514
1478
864
2894
4689
4351
909
3130
4981
2057
410
789
2312
1328
493
114
2816
4937
3776
1171
1587
1073
1268
2141
3271
902
2287
2070
108
1843
614
1797
2844
3578
1623
610
560
4946
2704
2630
4041
4138
2771
3892
1905
1211
4505
2585
2673
4461
3708
4120
2027
4761
3914
3499
1656
4117
1144
4058
3212
4983
3295
361
2751
189
1325
97
72
1205
419
3956
1023
4126
2727
3057
3904
4425
1800
4019
1065
1053
767
2503
3945
4640
1370
344
4252
1363
4401
1018
2468
4965
2936
4765
3910
2557
827
2381
1254
3802
1090
1383
239
1628
2001
215
943
3109
2753
3561
4589
399
517
1996
708
2455
4513
4822
1951
1614
4181
2133
1355
