75
183
229
57
461
157
103
242
269
305
417
23
20
465
375
15
26
224
468
394
220
114
48
86
55
97
167
449
267
354
320
263
87
217
477
316
253
19
390
111
83
72
286
279
178
98
456
327
397
135
162
77
353
47
45
492
441
355
223
443
361
249
144
251
277
342
175
233
275
59
99
168
257
240
21
210
418
380
292
401
136
313
252
140
68
112
138
234
118
458
291
215
34
92
237
231
53
395
134
304
294
451
287
244
38
347
96
300
338
204
78
268
66
31
308
147
281
109
326
170
274
146
39
169
497
404
329
14
462
84
238
493
205
450
415
65
246
153
411
421
370
382
409
113
365
428
260
434
74
1
499
105
314
424
116
32
101
194
400
128
129
181
265
377
54
125
82
339
199
312
494
413
412
36
448
482
289
13
369
44
110
473
132
430
154
471
296
318
453
37
362
419
323
457
344
179
186
90
123
446
299
200
161
58
197
348
150
307
272
298
206
491
387
425
399
438
248
487
433
164
60
378
332
258
349
106
25
407
264
127
392
4
193
469
180
303
351
488
290
218
478
176
325
328
282
490
284
235
331
165
151
322
436
119
435
334
262
239
273
79
270
405
126
91
381
386
341
422
343
416
141
455
481
372
3
486
10
427
255
213
70
297
371
363
85
489
379
280
17
319
203
406
352
117
250
130
333
41
2
219
12
445
35
306
24
271
437
345
485
432
295
356
33
496
463
208
137
222
480
335
358
198
122
403
442
40
467
310
225
367
190
156
163
64
158
124
410
484
337
236
94
336
207
121
211
73
396
62
166
71
42
56
464
439
80
366
43
29
315
173
51
185
50
0
191
149
171
6
49
202
27
189
472
201
283
393
143
350
293
256
408
159
454
108
188
230
192
187
52
470
301
340
196
498
388
7
46
360
398
214
317
139
420
148
254
288
302
479
107
28
89
444
346
245
8
155
243
266
227
30
391
133
285
184
9
414
452
216
261
385
69
104
466
440
232
357
359
475
63
373
212
376
389
483
226
195
22
368
93
309
374
495
447
321
241
102
5
209
160
120
142
429
402
100
276
384
145
174
247
81
172
259
221
177
476
474
459
182
16
115
311
426
330
131
18
364
152
324
95
11
76
228
278
431
383
61
67
423
88
460
